+----------+-------+---------+-----+---------------+-----------+---------+-----+-----+-----+---------+----------------+----------------+---------------+---------+--------------+-----------+----------+--------------+------------+---------------+-------+---------------+---------+---------+-------------+--------------+--------------+------------+-------------+--------------+
|   secpar |   tau |       N |   d | epsilon_hom   |   alpha_w |   gamma |   k |   n |   m |   omega |   RHF_LWE_KOTS |   RHF_SIS_KOTS |   RHF_SIS_HVC |   alpha |   alpha_mlwe |   alpha_H |   beta_z |   beta_sigma |   beta_agg |   beta_encode |   eta |             q |   q_bit |   kappa |      qprime |   qprime_bit |   kappaprime | sig size   | open size   | total size   |
+==========+=======+=========+=====+===============+===========+=========+=====+=====+=====+=========+================+================+===============+=========+==============+===========+==========+==============+============+===============+=======+===============+=========+=========+=============+==============+==============+============+=============+==============+
|      128 |    12 |    1024 | 256 | 1/32768       |        23 |      10 |   4 |   4 |   9 |       2 |        1.0039  |        1.00445 |       1.0045  |      83 |          1.6 |        60 |     6700 |      6310455 |     173980 |           515 |   169 | 4398046523393 |      43 |       5 |   827463089 |           30 |            4 | 7 KB       | 151 KB      | 157 KB       |
+----------+-------+---------+-----+---------------+-----------+---------+-----+-----+-----+---------+----------------+----------------+---------------+---------+--------------+-----------+----------+--------------+------------+---------------+-------+---------------+---------+---------+-------------+--------------+--------------+------------+-------------+--------------+
|      128 |    12 |   32768 | 256 | 1/32768       |        23 |      10 |   4 |   4 |  10 |       4 |        1.00388 |        1.00445 |       1.0045  |      83 |          1.6 |        60 |     6700 |     35797038 |    1498795 |          2928 |   256 |     134224897 |      28 |       3 | 36813965521 |           36 |            4 | 8 KB       | 202 KB      | 210 KB       |
+----------+-------+---------+-----+---------------+-----------+---------+-----+-----+-----+---------+----------------+----------------+---------------+---------+--------------+-----------+----------+--------------+------------+---------------+-------+---------------+---------+---------+-------------+--------------+--------------+------------+-------------+--------------+
|      128 |    12 |  131072 | 256 | 1/32768       |        23 |      10 |   4 |   5 |  10 |       4 |        1.00396 |        1.00445 |       1.0045  |      83 |          1.6 |        60 |     6700 |     71594076 |   19023917 |          5854 |  1625 |   34359754753 |      36 |       3 |  1147970833 |           31 |            3 | 9 KB       | 229 KB      | 238 KB       |
+----------+-------+---------+-----+---------------+-----------+---------+-----+-----+-----+---------+----------------+----------------+---------------+---------+--------------+-----------+----------+--------------+------------+---------------+-------+---------------+---------+---------+-------------+--------------+--------------+------------+-------------+--------------+
|      128 |    12 | 1048576 | 256 | 1/32768       |        23 |      10 |   4 |   5 |  10 |       5 |        1.00428 |        1.0045  |       1.00441 |      83 |          1.6 |        60 |     6700 |    202498625 |    6756063 |         16641 |   203 |      67126273 |      27 |       3 |  6484887281 |           33 |            4 | 9 KB       | 285 KB      | 294 KB       |
+----------+-------+---------+-----+---------------+-----------+---------+-----+-----+-----+---------+----------------+----------------+---------------+---------+--------------+-----------+----------+--------------+------------+---------------+-------+---------------+---------+---------+-------------+--------------+--------------+------------+-------------+--------------+
|      128 |    16 |    1024 | 256 | 1/32768       |        23 |      10 |   4 |   4 |   9 |       2 |        1.0039  |        1.00445 |       1.0045  |      83 |          1.6 |        60 |     6700 |      6310455 |     174910 |           518 |   169 | 4398046523393 |      43 |       5 |   827463089 |           30 |            4 | 7 KB       | 188 KB      | 195 KB       |
+----------+-------+---------+-----+---------------+-----------+---------+-----+-----+-----+---------+----------------+----------------+---------------+---------+--------------+-----------+----------+--------------+------------+---------------+-------+---------------+---------+---------+-------------+--------------+--------------+------------+-------------+--------------+
|      128 |    16 |   32768 | 256 | 1/32768       |        23 |      10 |   4 |   4 |  10 |       4 |        1.00388 |        1.00445 |       1.0045  |      83 |          1.6 |        60 |     6700 |     35797038 |    1507055 |          2944 |   256 |     134224897 |      28 |       3 | 36813965521 |           36 |            4 | 8 KB       | 254 KB      | 262 KB       |
+----------+-------+---------+-----+---------------+-----------+---------+-----+-----+-----+---------+----------------+----------------+---------------+---------+--------------+-----------+----------+--------------+------------+---------------+-------+---------------+---------+---------+-------------+--------------+--------------+------------+-------------+--------------+
|      128 |    16 |  131072 | 256 | 1/32768       |        23 |      10 |   4 |   5 |  10 |       4 |        1.00396 |        1.00445 |       1.0045  |      83 |          1.6 |        60 |     6700 |     71594076 |   19129623 |          5887 |  1625 |   34359754753 |      36 |       3 |  1147970833 |           31 |            3 | 9 KB       | 289 KB      | 298 KB       |
+----------+-------+---------+-----+---------------+-----------+---------+-----+-----+-----+---------+----------------+----------------+---------------+---------+--------------+-----------+----------+--------------+------------+---------------+-------+---------------+---------+---------+-------------+--------------+--------------+------------+-------------+--------------+
|      128 |    16 | 1048576 | 256 | 1/32768       |        23 |      10 |   4 |   5 |  10 |       5 |        1.00428 |        1.0045  |       1.00441 |      83 |          1.6 |        60 |     6700 |    202498625 |    6792932 |         16732 |   203 |      67126273 |      27 |       3 |  6484887281 |           33 |            4 | 9 KB       | 360 KB      | 369 KB       |
+----------+-------+---------+-----+---------------+-----------+---------+-----+-----+-----+---------+----------------+----------------+---------------+---------+--------------+-----------+----------+--------------+------------+---------------+-------+---------------+---------+---------+-------------+--------------+--------------+------------+-------------+--------------+
|      128 |    20 |    1024 | 256 | 1/32768       |        23 |      10 |   4 |   4 |   9 |       2 |        1.0039  |        1.00445 |       1.0045  |      83 |          1.6 |        60 |     6700 |      6310455 |     175655 |           520 |   169 | 4398046523393 |      43 |       5 |   827463089 |           30 |            4 | 7 KB       | 226 KB      | 232 KB       |
+----------+-------+---------+-----+---------------+-----------+---------+-----+-----+-----+---------+----------------+----------------+---------------+---------+--------------+-----------+----------+--------------+------------+---------------+-------+---------------+---------+---------+-------------+--------------+--------------+------------+-------------+--------------+
|      128 |    20 |   32768 | 256 | 1/32768       |        23 |      10 |   4 |   4 |  10 |       4 |        1.00388 |        1.00445 |       1.0045  |      83 |          1.6 |        60 |     6700 |     35797038 |    1513617 |          2957 |   256 |     134224897 |      28 |       3 | 36813965521 |           36 |            4 | 8 KB       | 307 KB      | 315 KB       |
+----------+-------+---------+-----+---------------+-----------+---------+-----+-----+-----+---------+----------------+----------------+---------------+---------+--------------+-----------+----------+--------------+------------+---------------+-------+---------------+---------+---------+-------------+--------------+--------------+------------+-------------+--------------+
|      128 |    20 |  131072 | 256 | 1/32768       |        23 |      10 |   4 |   5 |  10 |       4 |        1.00396 |        1.00445 |       1.0045  |      83 |          1.6 |        60 |     6700 |     71594076 |   19213475 |          5912 |  1625 |   34359754753 |      36 |       3 |  1147970833 |           31 |            3 | 9 KB       | 349 KB      | 358 KB       |
+----------+-------+---------+-----+---------------+-----------+---------+-----+-----+-----+---------+----------------+----------------+---------------+---------+--------------+-----------+----------+--------------+------------+---------------+-------+---------------+---------+---------+-------------+--------------+--------------+------------+-------------+--------------+
|      128 |    20 | 1048576 | 256 | 1/32768       |        23 |      10 |   4 |   5 |  10 |       5 |        1.00428 |        1.0045  |       1.00441 |      83 |          1.6 |        60 |     6700 |    202498625 |    6822228 |         16804 |   203 |      67126273 |      27 |       3 |  6484887281 |           33 |            4 | 9 KB       | 435 KB      | 444 KB       |
+----------+-------+---------+-----+---------------+-----------+---------+-----+-----+-----+---------+----------------+----------------+---------------+---------+--------------+-----------+----------+--------------+------------+---------------+-------+---------------+---------+---------+-------------+--------------+--------------+------------+-------------+--------------+
|      128 |    24 |    1024 | 256 | 1/32768       |        23 |      10 |   4 |   4 |   9 |       2 |        1.0039  |        1.00445 |       1.0045  |      83 |          1.6 |        60 |     6700 |      6310455 |     176277 |           522 |   169 | 4398046523393 |      43 |       5 |   827463089 |           30 |            4 | 7 KB       | 263 KB      | 270 KB       |
+----------+-------+---------+-----+---------------+-----------+---------+-----+-----+-----+---------+----------------+----------------+---------------+---------+--------------+-----------+----------+--------------+------------+---------------+-------+---------------+---------+---------+-------------+--------------+--------------+------------+-------------+--------------+
|      128 |    24 |   32768 | 256 | 1/32768       |        23 |      10 |   4 |   4 |  10 |       4 |        1.00388 |        1.00445 |       1.0045  |      83 |          1.6 |        60 |     6700 |     35797038 |    1519059 |          2967 |   256 |     134224897 |      28 |       3 | 36813965521 |           36 |            4 | 8 KB       | 359 KB      | 367 KB       |
+----------+-------+---------+-----+---------------+-----------+---------+-----+-----+-----+---------+----------------+----------------+---------------+---------+--------------+-----------+----------+--------------+------------+---------------+-------+---------------+---------+---------+-------------+--------------+--------------+------------+-------------+--------------+
|      128 |    24 |  131072 | 256 | 1/32768       |        23 |      10 |   4 |   5 |  10 |       4 |        1.00396 |        1.00445 |       1.0045  |      83 |          1.6 |        60 |     6700 |     71594076 |   19282927 |          5934 |  1625 |   34359754753 |      36 |       3 |  1147970833 |           31 |            3 | 9 KB       | 409 KB      | 418 KB       |
+----------+-------+---------+-----+---------------+-----------+---------+-----+-----+-----+---------+----------------+----------------+---------------+---------+--------------+-----------+----------+--------------+------------+---------------+-------+---------------+---------+---------+-------------+--------------+--------------+------------+-------------+--------------+
|      128 |    24 | 1048576 | 256 | 1/32768       |        23 |      10 |   4 |   5 |  10 |       5 |        1.00428 |        1.0045  |       1.00441 |      83 |          1.6 |        60 |     6700 |    202498625 |    6846521 |         16864 |   203 |      67126273 |      27 |       3 |  6484887281 |           33 |            4 | 9 KB       | 510 KB      | 519 KB       |
+----------+-------+---------+-----+---------------+-----------+---------+-----+-----+-----+---------+----------------+----------------+---------------+---------+--------------+-----------+----------+--------------+------------+---------------+-------+---------------+---------+---------+-------------+--------------+--------------+------------+-------------+--------------+